

radius (m)(15,1)
 4.000000000000e-08
 4.500000000000e-08
 5.000000000000e-08
 5.500000000000e-08
 6.000000000000e-08
 6.500000000000e-08
 7.000000000000e-08
 7.500000000000e-08
 8.000000000000e-08
 8.500000000000e-08
 9.000000000000e-08
 9.500000000000e-08
 1.000000000000e-07
 1.050000000000e-07
 1.100000000000e-07

height (m)(61,1)
 2.500000000000e-07
 2.550000000000e-07
 2.600000000000e-07
 2.650000000000e-07
 2.700000000000e-07
 2.750000000000e-07
 2.800000000000e-07
 2.850000000000e-07
 2.900000000000e-07
 2.950000000000e-07
 3.000000000000e-07
 3.050000000000e-07
 3.100000000000e-07
 3.150000000000e-07
 3.200000000000e-07
 3.250000000000e-07
 3.300000000000e-07
 3.350000000000e-07
 3.400000000000e-07
 3.450000000000e-07
 3.500000000000e-07
 3.550000000000e-07
 3.600000000000e-07
 3.650000000000e-07
 3.700000000000e-07
 3.750000000000e-07
 3.800000000000e-07
 3.850000000000e-07
 3.900000000000e-07
 3.950000000000e-07
 4.000000000000e-07
 4.050000000000e-07
 4.100000000000e-07
 4.150000000000e-07
 4.200000000000e-07
 4.250000000000e-07
 4.300000000000e-07
 4.350000000000e-07
 4.400000000000e-07
 4.450000000000e-07
 4.500000000000e-07
 4.550000000000e-07
 4.600000000000e-07
 4.650000000000e-07
 4.700000000000e-07
 4.750000000000e-07
 4.800000000000e-07
 4.850000000000e-07
 4.900000000000e-07
 4.950000000000e-07
 5.000000000000e-07
 5.050000000000e-07
 5.100000000000e-07
 5.150000000000e-07
 5.200000000000e-07
 5.250000000000e-07
 5.300000000000e-07
 5.350000000000e-07
 5.400000000000e-07
 5.450000000000e-07
 5.500000000000e-07

(15,61)
 -2.952426038179e+00 -2.816046805693e+00 -2.804245102416e+00 -3.122345317005e+00 2.895060105467e+00 -3.010823363506e+00 2.988336659802e+00 2.493269715553e+00 1.157759449595e+00 1.096789585798e+00 1.220328120104e+00 1.180604690750e+00 1.081145274392e+00 1.005518903992e+00 1.019336142795e+00 1.004222452526e+00 1.065259848584e+00 1.040147070415e+00 9.673597642801e-01 1.104255173636e+00 1.342215464771e+00 1.561915557029e+00 1.418179405107e+00 1.322619099889e+00 1.399656918961e+00 1.399607306182e+00 1.417187481835e+00 1.314737843665e+00 1.393424608431e+00 1.366574182788e+00 1.333094459244e+00 1.326348673414e+00 9.734513595716e-01 1.302898237945e+00 1.014607766755e+00 1.014970215965e+00 1.013716507189e+00 9.959150400021e-01 1.009769321411e+00 1.032745351842e+00 1.062700268497e+00 1.094420224423e+00 1.113618145861e+00 1.164027851829e+00 1.201161088149e+00 1.251421748279e+00 1.295968188213e+00 1.019624778712e+00 1.045409644617e+00 1.060719529774e+00 1.056571083482e+00 1.023421041087e+00 9.779892594613e-01 9.086864983620e-01 8.096743202286e-01 6.782217892223e-01 5.310563280545e-01 3.520110661255e-01 1.626396314144e-01 3.249207743586e-03 -4.435638509849e-01
 -3.007968120458e+00 -2.852411511913e+00 -2.829455686354e+00 3.112280238926e+00 2.861003854068e+00 -3.014782367869e+00 3.032046528954e+00 2.651447525963e+00 1.173423887455e+00 1.102423568053e+00 1.271425529213e+00 1.206345893103e+00 1.093825333662e+00 9.900886714541e-01 1.012244786336e+00 9.893232681205e-01 1.043711308570e+00 1.010817196632e+00 9.409703400967e-01 1.072727050702e+00 1.293998482584e+00 1.505623743370e+00 1.355828270917e+00 1.264389449675e+00 1.358096990919e+00 1.356797828940e+00 1.375230088239e+00 1.273132239472e+00 1.357070577016e+00 1.335105856277e+00 1.305374612919e+00 1.299343696227e+00 9.423214575421e-01 1.277370115267e+00 9.873010074816e-01 9.914367622482e-01 9.954499412941e-01 9.745467868067e-01 9.905645188864e-01 1.010449149812e+00 1.039173582109e+00 1.070110590155e+00 1.087351744629e+00 1.125973981048e+00 1.171285354000e+00 1.219226092218e+00 1.257113389790e+00 9.840493749543e-01 1.012134696773e+00 1.023529871700e+00 1.019856890764e+00 9.868613399834e-01 9.447520304276e-01 8.806995569130e-01 7.898595363483e-01 6.752479549171e-01 5.336500665651e-01 3.695199325191e-01 1.922750459103e-01 2.423728176686e-02 -4.059315159677e-01
 -3.042007305170e+00 -2.886842470465e+00 -2.871536335326e+00 3.071815686875e+00 2.851911641061e+00 -3.026355814169e+00 3.075453989845e+00 2.705493595631e+00 1.195210789710e+00 1.114205350652e+00 1.344722392202e+00 1.240844878026e+00 1.107609214310e+00 9.812316205935e-01 1.014656916685e+00 9.898493763332e-01 1.035006506408e+00 9.987389702301e-01 9.222435644165e-01 1.046914461347e+00 1.248766378913e+00 1.444854763033e+00 1.296298788965e+00 1.206639538903e+00 1.315609006946e+00 1.310653849930e+00 1.326677380509e+00 1.234903790450e+00 1.318379729191e+00 1.307449630996e+00 1.286221823788e+00 1.267493067069e+00 9.203385557831e-01 1.244577924429e+00 9.617097444845e-01 9.635644095198e-01 9.718310190503e-01 9.643974488309e-01 9.797654110965e-01 9.907055205542e-01 1.015246263514e+00 1.046847140589e+00 1.061330261131e+00 1.100131986003e+00 1.143220735738e+00 1.184160966746e+00 1.225429435248e+00 9.461115925422e-01 9.676288309089e-01 9.807655001611e-01 9.805828234537e-01 9.421631538185e-01 9.041384660124e-01 8.546076757095e-01 7.684613458881e-01 6.593802778870e-01 5.269625102727e-01 3.759650657620e-01 2.106019366266e-01 5.644080535102e-02 -3.792405377407e-01
 -3.068463299352e+00 -2.977639669967e+00 -2.967444769060e+00 3.053782526129e+00 2.859988633291e+00 3.044977722661e+00 2.822481486792e+00 2.403559237503e+00 1.230992485194e+00 1.137561404224e+00 1.291662074146e+00 1.137950778792e+00 1.088475620953e+00 9.780522223654e-01 9.643476625705e-01 9.896813390255e-01 1.005256030111e+00 9.510462240378e-01 9.045619207180e-01 1.018258774988e+00 1.188872837992e+00 1.363915184145e+00 1.208717720428e+00 1.158352759874e+00 1.254708007509e+00 1.250715857758e+00 1.247886469279e+00 1.196859543679e+00 1.254608546683e+00 1.250602348511e+00 1.238905428046e+00 1.221204800316e+00 8.957743575337e-01 1.195273659923e+00 8.999329968911e-01 9.037282880250e-01 9.196726890697e-01 9.152790971547e-01 9.283318602801e-01 9.487063090840e-01 9.711810748814e-01 9.992758663917e-01 1.011996903573e+00 1.042592550087e+00 1.082446820089e+00 1.116362517564e+00 1.144830145674e+00 8.556247926238e-01 8.709918756048e-01 8.713535673620e-01 8.575052497230e-01 8.148578549638e-01 7.631376194623e-01 6.919381642449e-01 6.003874788351e-01 4.820662021085e-01 3.448545211445e-01 2.053061350532e-01 6.320540251456e-02 -7.314567029891e-02 -4.947320362709e-01
 -3.116443503472e+00 -2.960162096417e+00 -2.942664638375e+00 3.037694490308e+00 2.831121068778e+00 -3.098587804679e+00 3.025609436287e+00 2.716584864731e+00 1.297738482390e+00 1.166366424466e+00 1.458908971048e+00 1.244769397286e+00 1.176347545510e+00 9.603271699096e-01 9.989887386142e-01 1.010523522013e+00 1.021180853691e+00 9.643610028240e-01 8.963303780465e-01 1.010390270624e+00 1.163829925032e+00 1.324546875211e+00 1.164793041054e+00 1.091675480812e+00 1.223127539515e+00 1.218020832540e+00 1.217351668121e+00 1.151838895994e+00 1.215263561315e+00 1.222173508443e+00 1.216377243567e+00 1.206274229608e+00 8.586003332473e-01 1.178434623222e+00 8.855701021060e-01 8.898284926737e-01 8.978935754184e-01 8.918168635575e-01 9.189834494982e-01 9.395118274941e-01 9.665957971868e-01 9.967304175405e-01 1.009164300850e+00 1.046487041759e+00 1.085556261560e+00 1.123729775466e+00 1.159324790614e+00 8.751202961570e-01 8.934936194556e-01 8.972298156984e-01 8.924917595570e-01 8.589463763031e-01 8.152550903146e-01 7.488759379398e-01 6.752442982971e-01 5.737299186487e-01 4.350958134588e-01 3.048984664157e-01 1.661913657604e-01 2.684455398150e-02 -4.025039566627e-01
 -3.126917085720e+00 -3.025811126016e+00 -3.015826879980e+00 3.042344945854e+00 2.826876328284e+00 3.058788074800e+00 2.866488382660e+00 2.584033491886e+00 1.362742361592e+00 1.176331899714e+00 1.360304122613e+00 1.236124649246e+00 1.170137236438e+00 9.618592221558e-01 9.915436850182e-01 1.010944066051e+00 9.963853694105e-01 9.389579395119e-01 8.919836860422e-01 9.856519109106e-01 1.120898845280e+00 1.258349702671e+00 1.088162785686e+00 1.043955096016e+00 1.162682435361e+00 1.162969062542e+00 1.163291064097e+00 1.116498676245e+00 1.150653144505e+00 1.156770376506e+00 1.162491184527e+00 1.162818357064e+00 8.206462102687e-01 1.138980744630e+00 8.459559152983e-01 8.503262379771e-01 8.554540903358e-01 8.496114523338e-01 8.669073890227e-01 8.863358792853e-01 9.108556674463e-01 9.384379287910e-01 9.507116149660e-01 9.868755831210e-01 1.029147580308e+00 1.063204692266e+00 1.093763475291e+00 8.055777420350e-01 8.182538847722e-01 8.180142474201e-01 8.030153657076e-01 7.635220306508e-01 7.137104711559e-01 6.452011153929e-01 5.583460602730e-01 4.535507944266e-01 3.304460250455e-01 1.954530172785e-01 6.522134193769e-02 -5.662990455106e-02 -4.670752532869e-01
 3.114885110622e+00 -3.038892141649e+00 -3.019231817238e+00 3.015410340331e+00 2.834158913120e+00 3.085282287811e+00 2.926327650599e+00 2.682485239080e+00 1.440943503541e+00 1.246107044534e+00 1.485034326542e+00 1.338892509300e+00 1.233623964814e+00 9.837917184239e-01 1.033458752255e+00 1.040689037983e+00 1.010361360956e+00 9.481183046678e-01 8.927067545624e-01 9.792503745885e-01 1.095817490519e+00 1.216569025110e+00 1.032861221908e+00 9.852306733589e-01 1.118181396140e+00 1.124281106908e+00 1.122569994483e+00 1.079672118871e+00 1.112548284390e+00 1.119031863860e+00 1.119916013153e+00 1.125304100567e+00 7.760279595096e-01 1.112198680597e+00 8.247641864490e-01 8.244244104970e-01 8.314701700924e-01 8.296921260918e-01 8.452224018478e-01 8.657074417676e-01 8.913096537046e-01 9.197764495536e-01 9.322442416976e-01 9.688662612907e-01 1.004168269937e+00 1.038238002510e+00 1.068659915406e+00 7.797512948920e-01 7.915607058074e-01 7.916321227176e-01 7.785247662055e-01 7.458377757496e-01 6.989866465259e-01 6.345311365139e-01 5.528889708300e-01 4.568905910482e-01 3.342972413702e-01 2.086592866144e-01 8.361167869266e-02 -3.516098893953e-02 -4.443774158564e-01
 3.087912637762e+00 -3.051713741351e+00 -3.029757128581e+00 3.003489061438e+00 2.834258944296e+00 3.105033322940e+00 2.993535313196e+00 2.775229315489e+00 1.514428545221e+00 1.291188319609e+00 1.630863427517e+00 1.457713169864e+00 1.332311704557e+00 1.008894332917e+00 1.099021478730e+00 1.084727859327e+00 1.043370722318e+00 9.781570933404e-01 8.970864910278e-01 9.919662455500e-01 1.090876319597e+00 1.196080923136e+00 1.007753370338e+00 9.438865690001e-01 1.088436842404e+00 1.104318268127e+00 1.105103507933e+00 1.045685507189e+00 1.086730730658e+00 1.089506564034e+00 1.095341379987e+00 1.096145690929e+00 7.460442935711e-01 1.085246713435e+00 8.031662585508e-01 8.112234621340e-01 8.206492325531e-01 8.123744979134e-01 8.315829086388e-01 8.519835186742e-01 8.769692947883e-01 9.062701649781e-01 9.209707030088e-01 9.560018917135e-01 9.919304454409e-01 1.026559151047e+00 1.058321969748e+00 7.689124688406e-01 7.820933415616e-01 7.836997166351e-01 7.724837174310e-01 7.377822024211e-01 6.952563662435e-01 6.348889802725e-01 5.557609419470e-01 4.631299270897e-01 3.542082886618e-01 2.352960503837e-01 1.152334033756e-01 7.758108888062e-03 -4.042827836852e-01
 3.074414340756e+00 -3.070105057849e+00 -3.055207567702e+00 2.979101180291e+00 2.857071671703e+00 3.106776216211e+00 3.006264816604e+00 2.816826037970e+00 1.556461796678e+00 1.363012953622e+00 1.742146037623e+00 1.562336742781e+00 1.396052527685e+00 1.039166944087e+00 1.157863801596e+00 1.127166221545e+00 1.077301871808e+00 1.002768992750e+00 9.070086365509e-01 9.991582861274e-01 1.081129635501e+00 1.169447130893e+00 9.691735094757e-01 9.013350260158e-01 1.046712342010e+00 1.067520464261e+00 1.073180004654e+00 1.009698710666e+00 1.057749760040e+00 1.055940875572e+00 1.060068135668e+00 1.062620176336e+00 7.057328281693e-01 1.056674819526e+00 7.756823823679e-01 7.833516123475e-01 7.972731469416e-01 7.932611778542e-01 8.129664184623e-01 8.358574272772e-01 8.617442436950e-01 8.906759135657e-01 9.008414796677e-01 9.359709676929e-01 9.728789117506e-01 1.007139750255e+00 1.037097498918e+00 7.469811751600e-01 7.598710909068e-01 7.637239906027e-01 7.528202055888e-01 7.151015697939e-01 6.738868140542e-01 6.157874283547e-01 5.401238043740e-01 4.515033559458e-01 3.455139739136e-01 2.363055926732e-01 1.216158206028e-01 7.013089375621e-03 -4.021199992386e-01
 3.041080139829e+00 -3.113822464335e+00 -3.098172176991e+00 2.973408543703e+00 2.847209141797e+00 3.057037523467e+00 2.933054695555e+00 2.777352096936e+00 1.647367108047e+00 1.445037967941e+00 1.787015762988e+00 1.603880055545e+00 1.420338382365e+00 1.084769480725e+00 1.197070038942e+00 1.153741764347e+00 1.085766790227e+00 1.019875346375e+00 9.257536515800e-01 1.000663366299e+00 1.064472541577e+00 1.135658178472e+00 9.222670097722e-01 8.667638169587e-01 9.927011521572e-01 1.016391304072e+00 1.026282630691e+00 9.741227803081e-01 1.016066987278e+00 1.014087853116e+00 1.013692902473e+00 1.016086432801e+00 6.781759782362e-01 1.010437790469e+00 7.305179163268e-01 7.423784647308e-01 7.546535338525e-01 7.539077181904e-01 7.737645426555e-01 7.968267129013e-01 8.217777963960e-01 8.527118053992e-01 8.674440436703e-01 9.022371007439e-01 9.356381300178e-01 9.685981103620e-01 9.972795757731e-01 7.062554477176e-01 7.169115803838e-01 7.091545298463e-01 6.945189129815e-01 6.547701410928e-01 6.102464090956e-01 5.464895244805e-01 4.713144499772e-01 3.839045392961e-01 2.801353678154e-01 1.741811565568e-01 6.451066977941e-02 -4.397946502716e-02 -4.468623509285e-01
 3.025869553010e+00 -3.130042752399e+00 -3.116322323110e+00 2.959350406317e+00 2.835882749322e+00 3.044585596151e+00 2.941668805346e+00 2.812305334668e+00 1.703611746351e+00 1.535783503508e+00 1.872124208919e+00 1.683821470252e+00 1.491972825627e+00 1.130335141030e+00 1.261103729470e+00 1.202475340220e+00 1.125110003589e+00 1.056082445422e+00 9.471126747488e-01 1.022516907964e+00 1.067457768405e+00 1.127463978449e+00 9.027623969203e-01 8.414443374147e-01 9.629958419338e-01 9.870127951203e-01 9.997948522938e-01 9.458717326075e-01 9.938459849412e-01 9.932798741533e-01 9.916432814442e-01 9.949525776255e-01 6.526602883867e-01 9.846991769037e-01 7.037204536848e-01 7.155046933836e-01 7.326156068397e-01 7.304256884219e-01 7.507117998202e-01 7.743812507605e-01 8.014824912735e-01 8.326700770702e-01 8.474858890257e-01 8.808487254195e-01 9.160229081094e-01 9.488982785316e-01 9.773809075591e-01 6.862173505260e-01 6.971157292301e-01 6.953155755532e-01 6.792716817223e-01 6.434778895803e-01 6.014481761805e-01 5.437039118565e-01 4.703344947916e-01 3.825876002741e-01 2.755582287461e-01 1.735907287818e-01 6.224200159950e-02 -4.243773105687e-02 -4.411352058523e-01
 2.991554612474e+00 3.098917044643e+00 3.106183732103e+00 2.937814725279e+00 2.818561066568e+00 2.969360309173e+00 2.873337077634e+00 2.738371773689e+00 1.777338247144e+00 1.603905331774e+00 1.865619071276e+00 1.673629339533e+00 1.500100483704e+00 1.186309884575e+00 1.297241520638e+00 1.221971677093e+00 1.144102187990e+00 1.079717462685e+00 9.753545630250e-01 1.040254256238e+00 1.069855306885e+00 1.112304708514e+00 8.741598889467e-01 8.232991375276e-01 9.292619392039e-01 9.480342385982e-01 9.624006275877e-01 9.196470251659e-01 9.576740836480e-01 9.601079081111e-01 9.602978733219e-01 9.604556363822e-01 6.344723962955e-01 9.545575967626e-01 6.716654031238e-01 6.809088384845e-01 6.937326235651e-01 6.932687325901e-01 7.131715209882e-01 7.369400900989e-01 7.642399819511e-01 7.940514312803e-01 8.078767847783e-01 8.412394117013e-01 8.741767942092e-01 9.043604108442e-01 9.295847631858e-01 6.357562247540e-01 6.429157871583e-01 6.378044707493e-01 6.191970582764e-01 5.786105067260e-01 5.324509205297e-01 4.713176677278e-01 3.925321866461e-01 3.050443281592e-01 2.040444002894e-01 1.045108764772e-01 4.424423585303e-03 -9.254830947052e-02 -4.848549380643e-01
 2.971067275271e+00 3.068691423694e+00 3.078822025517e+00 2.917239382825e+00 2.815179664489e+00 2.946108383555e+00 2.857198523573e+00 2.715891575876e+00 1.843099654945e+00 1.684372736625e+00 1.912036092297e+00 1.726775399754e+00 1.567716814778e+00 1.244659200899e+00 1.356392868963e+00 1.277047102352e+00 1.196631210914e+00 1.129878159950e+00 1.009944335580e+00 1.077377397985e+00 1.094380179783e+00 1.122931774213e+00 8.727779193637e-01 8.121453446922e-01 9.098587353846e-01 9.300196774339e-01 9.412087001515e-01 8.960486346350e-01 9.393742507706e-01 9.403294121565e-01 9.407490957211e-01 9.436931752428e-01 6.117002633973e-01 9.352362655175e-01 6.526502233209e-01 6.619705322117e-01 6.772953936096e-01 6.756591480531e-01 6.935428456712e-01 7.154706542331e-01 7.414964894696e-01 7.712976221563e-01 7.857948864230e-01 8.195220384077e-01 8.526043974234e-01 8.824757849298e-01 9.063852423217e-01 6.113123839427e-01 6.175969123276e-01 6.117299991748e-01 5.925881169023e-01 5.519250432084e-01 5.042328414593e-01 4.431771928198e-01 3.692674588704e-01 2.846362997868e-01 1.865204560936e-01 9.071863658096e-02 -5.527595987379e-03 -9.884598074246e-02 -4.877621224444e-01
 2.947357817078e+00 3.070389959665e+00 3.081467155320e+00 2.892260709348e+00 2.797729381969e+00 2.971518725348e+00 2.889586582421e+00 2.770896513574e+00 1.881791984279e+00 1.719057850686e+00 2.005404049347e+00 1.826289765556e+00 1.673052026234e+00 1.288625704388e+00 1.446863013719e+00 1.352238583647e+00 1.265631717393e+00 1.197429087295e+00 1.040712785707e+00 1.127079917694e+00 1.131674486692e+00 1.148068454847e+00 8.880747236933e-01 8.083063110743e-01 9.099484420126e-01 9.260779050939e-01 9.379592035183e-01 8.767702932476e-01 9.328490718947e-01 9.347025003332e-01 9.356075560766e-01 9.368500751786e-01 5.964270422403e-01 9.315819432068e-01 6.493838731536e-01 6.587533793288e-01 6.711826520223e-01 6.694367001791e-01 6.878483799514e-01 7.102847378682e-01 7.384602533994e-01 7.680365315119e-01 7.810343470498e-01 8.144196959566e-01 8.475914442119e-01 8.782235467741e-01 9.037709903068e-01 6.101967994658e-01 6.195607067903e-01 6.172159021516e-01 5.968037421941e-01 5.548011944836e-01 5.106940869710e-01 4.615478157053e-01 3.925730748885e-01 3.128515387168e-01 2.167083165564e-01 1.243527161471e-01 3.041512146312e-02 -6.221801842800e-02 -4.521199551541e-01
 2.909683571611e+00 3.023083398621e+00 3.026812454597e+00 2.863989705448e+00 2.769912658418e+00 2.916054889364e+00 2.826223336348e+00 2.721672945662e+00 1.922630642403e+00 1.757297685781e+00 1.994919830623e+00 1.836478872141e+00 1.707581633811e+00 1.345968002695e+00 1.480556189952e+00 1.386572980056e+00 1.302648784883e+00 1.236879864955e+00 1.084000941580e+00 1.159863231734e+00 1.154117767225e+00 1.159147246831e+00 8.905166831926e-01 8.124548711546e-01 8.970464503145e-01 9.075604347494e-01 9.160020251234e-01 8.612326610527e-01 9.101176217847e-01 9.125481195421e-01 9.141545798669e-01 9.177624645639e-01 5.816972730967e-01 9.073732466239e-01 6.249679263362e-01 6.340926058988e-01 6.461965041352e-01 6.463953324292e-01 6.646995980042e-01 6.862097763239e-01 7.114432234225e-01 7.400505406553e-01 7.527052613190e-01 7.846238260056e-01 8.192303470577e-01 8.475282111319e-01 8.701817454421e-01 5.740062441712e-01 5.796269094463e-01 5.730301469927e-01 5.533917429321e-01 5.107791052999e-01 4.652383923898e-01 4.071049292004e-01 3.387302070275e-01 2.616480704811e-01 1.715733645716e-01 8.373709177244e-02 -5.910724296701e-03 -9.460836783649e-02 -4.809856679168e-01

