

radius1(17,1)
 4.000000000000e-08
 4.500000000000e-08
 5.000000000000e-08
 5.500000000000e-08
 6.000000000000e-08
 6.500000000000e-08
 7.000000000000e-08
 7.500000000000e-08
 8.000000000000e-08
 8.500000000000e-08
 9.000000000000e-08
 9.500000000000e-08
 1.000000000000e-07
 1.050000000000e-07
 1.100000000000e-07
 1.150000000000e-07
 1.200000000000e-07

radius2(17,1)
 4.000000000000e-08
 4.500000000000e-08
 5.000000000000e-08
 5.500000000000e-08
 6.000000000000e-08
 6.500000000000e-08
 7.000000000000e-08
 7.500000000000e-08
 8.000000000000e-08
 8.500000000000e-08
 9.000000000000e-08
 9.500000000000e-08
 1.000000000000e-07
 1.050000000000e-07
 1.100000000000e-07
 1.150000000000e-07
 1.200000000000e-07

(17,17)
 4.945692356935e-02 5.389903560781e-02 5.825701761047e-02 5.655298456672e-02 6.785236832673e-02 7.194685088531e-02 7.333147482709e-02 7.969746204084e-02 8.031478775769e-02 9.218525724188e-02 9.776748688925e-02 9.943134814964e-02 1.102925943519e-01 1.205372041932e-01 1.262716634561e-01 1.345431284930e-01 1.480559426272e-01
 5.389903474016e-02 5.910573293272e-02 6.369508473122e-02 6.194910633836e-02 7.379857685096e-02 7.811367394567e-02 8.016376883982e-02 8.633279271647e-02 8.703829268668e-02 9.989629306453e-02 1.053472815354e-01 1.071483502656e-01 1.185656788664e-01 1.292697835657e-01 1.353437168380e-01 1.440411243756e-01 1.581543488448e-01
 5.825701421511e-02 6.369508862003e-02 6.848513591333e-02 6.671375243040e-02 7.903139249240e-02 8.354798030779e-02 8.521427271643e-02 9.216597858645e-02 9.295499661688e-02 1.059056872938e-01 1.119972621387e-01 1.139350592409e-01 1.258255037371e-01 1.369198059848e-01 1.432729640325e-01 1.523462652280e-01 1.669725981753e-01
 5.655299925933e-02 6.194911107503e-02 6.671376083119e-02 6.407125289126e-02 7.615395194037e-02 8.184811964897e-02 8.310942121414e-02 9.024039186624e-02 9.123825738191e-02 1.042693452360e-01 1.095788985955e-01 1.128607773380e-01 1.234893291363e-01 1.351083556891e-01 1.412737114908e-01 1.508436062296e-01 1.650058153643e-01
 6.785237620956e-02 7.379855823853e-02 7.903137333172e-02 7.615394488378e-02 8.938442503790e-02 9.559245471518e-02 9.676260471119e-02 1.048337215631e-01 1.058945696461e-01 1.192849605608e-01 1.258484434542e-01 1.293829417848e-01 1.409100932704e-01 1.534345667323e-01 1.600936633448e-01 1.703863260954e-01 1.855671171382e-01
 7.194685173743e-02 7.811367953646e-02 8.354795844806e-02 8.184811504865e-02 9.559246940251e-02 1.008867139414e-01 1.030457207322e-01 1.114801055981e-01 1.118415549903e-01 1.268966638924e-01 1.325447764798e-01 1.362701529510e-01 1.486026142648e-01 1.624314611271e-01 1.684574557605e-01 1.791062576358e-01 1.947417717182e-01
 7.333145082234e-02 8.016375219572e-02 8.521428139825e-02 8.310941370919e-02 9.705404549105e-02 1.030457285510e-01 1.057438582648e-01 1.133010267062e-01 1.149811337420e-01 1.290984987391e-01 1.366326038416e-01 1.391149886154e-01 1.532876571991e-01 1.661276964380e-01 1.727708844416e-01 1.830785609987e-01 2.004465277805e-01
 8.002918361193e-02 8.667809556517e-02 9.252428352251e-02 9.060970679057e-02 1.052289568616e-01 1.118925424999e-01 1.137314016456e-01 1.232057616370e-01 1.234310714308e-01 1.399400729646e-01 1.465718785167e-01 1.496419780683e-01 1.644269423559e-01 1.778654551132e-01 1.841580222974e-01 1.964823642073e-01 2.135698747914e-01
 8.060126150850e-02 8.733624490195e-02 9.326391030176e-02 9.155649298037e-02 1.062342108781e-01 1.121938386445e-01 1.153536110887e-01 1.233517605546e-01 1.244742032101e-01 1.407105763668e-01 1.472248504132e-01 1.519724091242e-01 1.656029513609e-01 1.795087489371e-01 1.859029926908e-01 1.983351837989e-01 2.155178479633e-01
 9.244033720845e-02 1.001619262385e-01 1.061797152692e-01 1.045534074628e-01 1.195839854286e-01 1.272104631945e-01 1.294268940195e-01 1.397772749503e-01 1.406332474029e-01 1.568830075913e-01 1.645369539142e-01 1.692471334311e-01 1.841665395222e-01 1.982016575324e-01 2.065544231080e-01 2.187153789763e-01 2.367629173405e-01
 9.799398025128e-02 1.055818204641e-01 1.122397416183e-01 1.098286217385e-01 1.261130653291e-01 1.328181439318e-01 1.369252571139e-01 1.463430328841e-01 1.470842606376e-01 1.644716127295e-01 1.733276968498e-01 1.773080090611e-01 1.919449168093e-01 2.080299542659e-01 2.155850298339e-01 2.280111768725e-01 2.465760354095e-01
 9.963325367369e-02 1.073571081997e-01 1.141507537043e-01 1.130867144076e-01 1.296216954644e-01 1.365173863329e-01 1.393748308368e-01 1.493598563271e-01 1.517773005150e-01 1.691269003913e-01 1.772535536604e-01 1.810286152836e-01 1.975695929480e-01 2.128450528671e-01 2.204395209644e-01 2.331686356868e-01 2.510221663341e-01
 1.104789830053e-01 1.187581185160e-01 1.260240711768e-01 1.236935637430e-01 1.411252489651e-01 1.488261117375e-01 1.526079154970e-01 1.640753359137e-01 1.653473357462e-01 1.839867176417e-01 1.918340964858e-01 1.975143931139e-01 2.137299256962e-01 2.295639399321e-01 2.374997093839e-01 2.498168909906e-01 2.691433354486e-01
 1.207055915934e-01 1.294433943898e-01 1.370987509831e-01 1.352946807814e-01 1.536302711779e-01 1.626370672650e-01 1.663462624818e-01 1.774547593214e-01 1.791977010989e-01 1.979697061566e-01 2.078667324733e-01 2.127403705395e-01 2.295145651016e-01 2.460705171122e-01 2.533132786532e-01 2.669447404766e-01 2.876520052538e-01
 1.264295085637e-01 1.355062509328e-01 1.434402776045e-01 1.414476136530e-01 1.602759883301e-01 1.686466636631e-01 1.729727019758e-01 1.836944548562e-01 1.855427445820e-01 2.062698834472e-01 2.153732887071e-01 2.202880129680e-01 2.374032742975e-01 2.532664646901e-01 2.613623232158e-01 2.758722817205e-01 2.957929260783e-01
 1.346892792098e-01 1.441914043874e-01 1.525008379083e-01 1.510048430144e-01 1.705549855708e-01 1.792811887973e-01 1.832634000064e-01 1.959552260882e-01 1.979179489812e-01 2.183793306833e-01 2.277509026440e-01 2.329705816322e-01 2.496758817806e-01 2.668531267488e-01 2.758278569052e-01 2.897992159555e-01 3.101636196792e-01
 1.481940633032e-01 1.582962850264e-01 1.671185423050e-01 1.651566419607e-01 1.857247186067e-01 1.949052389560e-01 2.006236213198e-01 2.129828969914e-01 2.150477573674e-01 2.363784698573e-01 2.462710092415e-01 2.507844395182e-01 2.689628990353e-01 2.875214356336e-01 2.957119021950e-01 3.101278152209e-01 3.298757115815e-01

