

delta1(17,1)
 -8.000000000000e-08
 -7.000000000000e-08
 -6.000000000000e-08
 -5.000000000000e-08
 -4.000000000000e-08
 -3.000000000000e-08
 -2.000000000000e-08
 -1.000000000000e-08
 0.000000000000e+00
 1.000000000000e-08
 2.000000000000e-08
 3.000000000000e-08
 4.000000000000e-08
 5.000000000000e-08
 6.000000000000e-08
 7.000000000000e-08
 8.000000000000e-08

delta2(17,1)
 -8.000000000000e-08
 -7.000000000000e-08
 -6.000000000000e-08
 -5.000000000000e-08
 -4.000000000000e-08
 -3.000000000000e-08
 -2.000000000000e-08
 -1.000000000000e-08
 0.000000000000e+00
 1.000000000000e-08
 2.000000000000e-08
 3.000000000000e-08
 4.000000000000e-08
 5.000000000000e-08
 6.000000000000e-08
 7.000000000000e-08
 8.000000000000e-08

(17,17)
 -2.842005786532e+00 -2.812705457762e+00 -2.758979594869e+00 -2.676342876072e+00 -2.596390978687e+00 -2.511063132708e+00 -2.493451874766e+00 -2.424604222071e+00 -2.421820967962e+00 -2.228128902376e+00 -2.169120757203e+00 -2.000150575417e+00 -1.911738576427e+00 -1.835760322741e+00 -1.934263536378e+00 -1.920527243947e+00 -1.903486016345e+00
 -2.832482398403e+00 -2.802656548161e+00 -2.748270962894e+00 -2.664435692863e+00 -2.584592085971e+00 -2.495744784650e+00 -2.476587101767e+00 -2.407692012676e+00 -2.402950661270e+00 -2.207854846614e+00 -2.148290195729e+00 -1.980511117771e+00 -1.893062084771e+00 -1.818052788800e+00 -1.914069252709e+00 -1.900263065640e+00 -1.883263846936e+00
 -2.900523650774e+00 -2.875578699089e+00 -2.821328833731e+00 -2.739200677061e+00 -2.652887463080e+00 -2.552140484714e+00 -2.524071162260e+00 -2.441223726485e+00 -2.430787181012e+00 -2.185009005960e+00 -2.108915516552e+00 -1.903733325758e+00 -1.801768296666e+00 -1.716344069743e+00 -1.819925955633e+00 -1.802276744059e+00 -1.781312735103e+00
 -2.936474085600e+00 -2.915003273111e+00 -2.859097569837e+00 -2.780102306001e+00 -2.690174482437e+00 -2.580783316307e+00 -2.546428611697e+00 -2.451871794906e+00 -2.439436752095e+00 -2.153546139495e+00 -2.063729834603e+00 -1.833164928904e+00 -1.722940529760e+00 -1.632964763620e+00 -1.736364285415e+00 -1.715950256328e+00 -1.692437670082e+00
 -3.002062490700e+00 -2.988019556469e+00 -2.939591294463e+00 -2.872531759816e+00 -2.791010646424e+00 -2.676620687384e+00 -2.643534173770e+00 -2.539663949010e+00 -2.529243830869e+00 -2.191483008983e+00 -2.081761005689e+00 -1.800621656234e+00 -1.671270762654e+00 -1.569629040471e+00 -1.681506862822e+00 -1.655488021181e+00 -1.626807282083e+00
 -3.102250542714e+00 -3.100543154948e+00 -3.060661958907e+00 -3.016679005207e+00 -2.952371928226e+00 -2.830639334385e+00 -2.798311539390e+00 -2.669198241357e+00 -2.656967088468e+00 -2.176543485478e+00 -2.009479525392e+00 -1.628081240171e+00 -1.478365159152e+00 -1.371547962948e+00 -1.463667110509e+00 -1.428218982437e+00 -1.392572341231e+00
 3.104674337151e+00 3.093550404637e+00 3.124165800269e+00 3.139389166618e+00 -3.108135758591e+00 -2.995631312382e+00 -2.965773334723e+00 -2.820757242402e+00 -2.809034738071e+00 -2.135071442677e+00 -1.876795621685e+00 -1.399411825235e+00 -1.262507358675e+00 -1.170273106054e+00 -1.209988387228e+00 -1.169522514978e+00 -1.133007400268e+00
 3.039214459858e+00 3.017015610315e+00 3.036269106122e+00 3.019362505910e+00 3.017865973241e+00 3.097733454741e+00 3.114743867205e+00 -3.044271180797e+00 -3.039223757098e+00 -2.154193723202e+00 -1.763247262855e+00 -1.182418992363e+00 -1.074689283660e+00 -1.004679733781e+00 -9.806262639337e-01 -9.388407076387e-01 -9.054003267854e-01
 2.960212815767e+00 2.923100552691e+00 2.926719894126e+00 2.863571797647e+00 2.800963117358e+00 2.819332168511e+00 2.802245096377e+00 2.852166382965e+00 2.838974144284e+00 -1.909716282775e+00 -9.756887840550e-01 -7.686168538840e-01 -7.609766570818e-01 -7.476172031574e-01 -6.084909652734e-01 -5.772485379010e-01 -5.588915149544e-01
 2.863195243442e+00 2.806648987470e+00 2.788648150698e+00 2.663351889588e+00 2.515948419030e+00 2.424586253902e+00 2.353006400802e+00 2.225294509267e+00 2.182898094769e+00 6.661434851475e-01 2.656988961456e-01 -2.813225967214e-01 -3.957787056284e-01 -4.493539750870e-01 -2.217231635323e-01 -2.100189389129e-01 -2.105769764018e-01
 2.750142309474e+00 2.671406697750e+00 2.626233741169e+00 2.428982597068e+00 2.199956457344e+00 2.005867643770e+00 1.907487386204e+00 1.690357080880e+00 1.655948569562e+00 7.592593215133e-01 5.345661081341e-01 5.727245740547e-02 -8.577528031985e-02 -1.899369944689e-01 5.196621307516e-02 5.050642420842e-02 3.971102676465e-02
 2.622878934658e+00 2.519117476256e+00 2.444025967780e+00 2.181171471593e+00 1.914634384405e+00 1.691396396949e+00 1.594195145488e+00 1.400566905644e+00 1.366895320567e+00 7.858221980504e-01 6.392929947989e-01 2.661883251664e-01 1.197599713697e-01 1.471355282336e-02 2.355350222899e-01 2.280471586729e-01 2.135926930899e-01
 2.490150336879e+00 2.364641039307e+00 2.262992534369e+00 1.964054765032e+00 1.697247454369e+00 1.491371142263e+00 1.414319914808e+00 1.259200485796e+00 1.241618256018e+00 8.130772187900e-01 7.024994090783e-01 4.072799366301e-01 2.732320059421e-01 1.723452448477e-01 3.647683994951e-01 3.549853083253e-01 3.398797667284e-01
 2.320384640610e+00 2.177177891546e+00 2.054605927226e+00 1.756547975216e+00 1.519399079314e+00 1.344226601843e+00 1.284727030009e+00 1.164994282814e+00 1.151210630716e+00 8.301578523580e-01 7.446453420835e-01 5.108633537333e-01 3.966999479943e-01 3.060270719451e-01 4.672045118171e-01 4.564417728463e-01 4.417864353801e-01
 2.208155849298e+00 2.055584432136e+00 1.922919470822e+00 1.634380873670e+00 1.413535437974e+00 1.261085446970e+00 1.207650665382e+00 1.102314351664e+00 1.091269287190e+00 8.174350032273e-01 7.446885148377e-01 5.423379089711e-01 4.415767029472e-01 3.599605528752e-01 5.020223442328e-01 4.918865240996e-01 4.783908925980e-01
 1.978999775072e+00 1.823178234392e+00 1.688889132635e+00 1.437878769293e+00 1.265540309400e+00 1.142037848047e+00 1.100915038411e+00 1.020858004838e+00 1.012693186014e+00 8.065352266918e-01 7.509345660138e-01 5.944315355702e-01 5.139912558174e-01 4.478474651517e-01 5.597606877564e-01 5.502972201557e-01 5.385707095189e-01
 1.943664600569e+00 1.790212852378e+00 1.657554807286e+00 1.415922993409e+00 1.250900492450e+00 1.130059043050e+00 1.091761662261e+00 1.014583088564e+00 1.006451794014e+00 8.082318064019e-01 7.543107877941e-01 6.031814183943e-01 5.250941618514e-01 4.606759609343e-01 5.687661386715e-01 5.593059218472e-01 5.477447861358e-01

