

radius1(17,1)
 4.000000000000e-08
 4.500000000000e-08
 5.000000000000e-08
 5.500000000000e-08
 6.000000000000e-08
 6.500000000000e-08
 7.000000000000e-08
 7.500000000000e-08
 8.000000000000e-08
 8.500000000000e-08
 9.000000000000e-08
 9.500000000000e-08
 1.000000000000e-07
 1.050000000000e-07
 1.100000000000e-07
 1.150000000000e-07
 1.200000000000e-07

radius2(17,1)
 4.000000000000e-08
 4.500000000000e-08
 5.000000000000e-08
 5.500000000000e-08
 6.000000000000e-08
 6.500000000000e-08
 7.000000000000e-08
 7.500000000000e-08
 8.000000000000e-08
 8.500000000000e-08
 9.000000000000e-08
 9.500000000000e-08
 1.000000000000e-07
 1.050000000000e-07
 1.100000000000e-07
 1.150000000000e-07
 1.200000000000e-07

(17,17)
 -2.959538503581e+00 -2.972847903436e+00 -2.987136068962e+00 -3.023986219592e+00 -3.028337582071e+00 -3.039520925517e+00 -3.066527691314e+00 -3.082744923508e+00 -3.103071875461e+00 -3.110762881603e+00 -6.162734072646e-01 1.040174171596e+00 1.404845928220e+00 1.907442399023e+00 2.725954742945e+00 2.916237282494e+00 2.946921303842e+00
 -2.972847829475e+00 -2.986336549729e+00 -2.999318890759e+00 -3.034388613303e+00 -3.037615259547e+00 -3.047881860054e+00 -3.076007464979e+00 -3.088772177877e+00 -3.108272246944e+00 -2.140614354662e+00 3.996798632767e-04 1.037103491243e+00 1.572674896314e+00 2.060048899366e+00 2.801352261029e+00 2.976445571230e+00 3.006983198543e+00
 -2.987135970436e+00 -2.999318935620e+00 -3.011246707282e+00 -3.044926764765e+00 -3.047187475160e+00 -3.056701113564e+00 -3.081212974568e+00 -3.095717477647e+00 -3.114583764054e+00 -1.445647611761e+00 2.124506842568e-01 1.234263836218e+00 1.863120764746e+00 2.226705617933e+00 2.859712626314e+00 3.081589795008e+00 3.080978638467e+00
 -3.023986274105e+00 -3.034388610468e+00 -3.044926823294e+00 -3.078969128715e+00 -3.078203932620e+00 -3.086828808827e+00 -3.108408823506e+00 -2.063065866696e+00 7.658534143922e-01 1.040172181227e+00 1.866552752293e+00 2.684797611932e+00 2.799436848599e+00 2.918141224964e+00 3.072577604148e+00 3.060132839599e+00 3.058407200018e+00
 -3.028337584152e+00 -3.037615253583e+00 -3.047187566621e+00 -3.078203855603e+00 -3.077670067828e+00 -3.085926912511e+00 -3.110059330005e+00 -2.929076862213e+00 2.117939787895e-01 9.047303516670e-01 1.157456165013e+00 2.271353501755e+00 2.680736670267e+00 2.799189730760e+00 3.077893600185e+00 3.065465411680e+00 3.063133245248e+00
 -3.039520907807e+00 -3.047881920319e+00 -3.056701037026e+00 -3.086828788327e+00 -3.085926879253e+00 -3.092978160782e+00 -3.068352013123e+00 -6.130620991259e-01 8.892401059945e-01 1.036937617642e+00 1.861675106041e+00 2.685599363245e+00 2.813983598955e+00 2.963586190842e+00 3.071683553034e+00 3.059438240117e+00 3.057109034904e+00
 -3.066527614328e+00 -3.076007458811e+00 -3.081213036833e+00 -3.108408827610e+00 -3.106015806111e+00 -3.068352068577e+00 2.116465225545e-01 1.041163916893e+00 1.858607414574e+00 2.009714463943e+00 2.680023041477e+00 3.082253549799e+00 3.073773695355e+00 3.070482148339e+00 3.052107401987e+00 3.038442039036e+00 3.037186202357e+00
 -3.086135894961e+00 -3.091980326240e+00 -3.098780011552e+00 -1.445472732032e+00 -2.094061780772e+00 -6.156937007400e-01 1.038663539637e+00 1.512000928364e+00 2.686952004693e+00 2.683493423977e+00 2.828242138844e+00 3.073805377597e+00 3.065220474949e+00 3.061863839163e+00 3.042008009136e+00 3.029638069469e+00 3.028613764991e+00
 -3.106045030626e+00 -3.111087579228e+00 -2.279515099626e+00 1.042491274924e+00 2.093734904625e-01 1.042063044225e+00 1.856399579488e+00 2.687158758858e+00 3.086725475592e+00 3.086074388957e+00 3.071835358757e+00 3.056241387593e+00 3.050256899985e+00 3.045141457588e+00 3.025694184762e+00 3.013776092249e+00 3.013099138587e+00
 -3.113354079860e+00 -1.444948510097e+00 -1.199782246879e+00 1.037870725851e+00 1.042218245026e+00 1.034880555307e+00 2.255975075834e+00 2.683748372073e+00 3.086134002841e+00 3.080114691049e+00 3.068468865620e+00 3.055031881710e+00 3.046123360510e+00 3.039142747240e+00 3.020725807150e+00 3.009041295950e+00 3.009255319579e+00
 -3.703440028911e-01 2.154115928812e-01 2.103547117606e-01 1.864511138971e+00 1.357237612783e+00 1.859843482768e+00 2.678270310762e+00 2.828598488886e+00 3.072003489910e+00 3.068574267267e+00 3.057057325245e+00 3.043624351379e+00 3.033200203441e+00 3.027413884103e+00 3.009744842952e+00 2.999975420732e+00 2.998048857130e+00
 1.038125028653e+00 1.035151779726e+00 1.542670943855e+00 2.682970590343e+00 2.502360290976e+00 2.683960010314e+00 3.080681635093e+00 3.074254010546e+00 3.056506231876e+00 3.055233670128e+00 3.043722356363e+00 3.026327508872e+00 3.017095373592e+00 3.012042593691e+00 2.996177903722e+00 2.984279685749e+00 2.981283488764e+00
 1.480608740093e+00 1.726090322291e+00 1.861462369798e+00 2.844357128832e+00 2.679220583095e+00 2.843549114623e+00 3.072346129760e+00 3.065702534059e+00 3.050566628310e+00 3.046373397950e+00 3.033351428582e+00 3.017150769801e+00 3.008058068539e+00 3.004616356273e+00 2.986461871341e+00 2.973444572011e+00 2.970931733287e+00
 2.029944003092e+00 2.120565325486e+00 2.256250940015e+00 2.947719686315e+00 2.828859640044e+00 2.993301491426e+00 3.069223882117e+00 3.062386067787e+00 3.045500519697e+00 3.039444118309e+00 3.027617286749e+00 3.012152129289e+00 3.004669369084e+00 2.998929424034e+00 2.979859114261e+00 2.967810942551e+00 2.964025416798e+00
 2.786567645509e+00 2.815485782696e+00 2.873896455750e+00 3.071280114706e+00 3.076676223606e+00 3.070507011644e+00 3.050976689441e+00 3.042574667514e+00 3.026105444773e+00 3.021079817938e+00 3.010004759930e+00 2.996345050699e+00 2.986573247688e+00 2.979918185842e+00 2.961937708886e+00 2.949148059752e+00 2.946121685868e+00
 2.961489555079e+00 3.006238240496e+00 3.080398518201e+00 3.058968063582e+00 3.064370605636e+00 3.058379045741e+00 3.037421112224e+00 3.030224122280e+00 3.014215928530e+00 3.009428055962e+00 3.000270550063e+00 2.984486319302e+00 2.973597036204e+00 2.967911889884e+00 2.949190897889e+00 2.937190159001e+00 2.934885482760e+00
 2.976786256593e+00 3.036895668210e+00 3.079901523297e+00 3.057351551478e+00 3.062138953820e+00 3.056146039098e+00 3.036256760920e+00 3.029213699868e+00 3.013559683139e+00 3.009661425800e+00 2.998368549205e+00 2.981518196224e+00 2.971111856564e+00 2.964155722496e+00 2.946194309210e+00 2.934915143471e+00 2.930639673756e+00

