-1.768576950831000083e+00
-1.777035076306999972e+00
-1.784760545971000090e+00
-1.793996878201999934e+00
-1.802739705368999967e+00
-1.811456432743999923e+00
-1.820819591640000068e+00
-1.829663802688999974e+00
-1.838315537046999903e+00
-1.847306730417000109e+00
-1.873128715942999900e+00
-1.898125401758999908e+00
-1.921633125145000065e+00
-1.939688408741000014e+00
-1.966786643645999977e+00
-1.999860799176000015e+00
-2.054691059172999879e+00
-2.070205677558000001e+00
-2.082354133432000154e+00
-2.098326782895000076e+00
-2.113492184011000141e+00
-2.127980845699000145e+00
-2.141461025627999781e+00
-2.156220226084000213e+00
-2.168018114372999960e+00
-2.321384475407000103e+00
-2.186311440632000114e+00
-2.202860727601999802e+00
-2.221603758876999901e+00
-2.242843394207000074e+00
-2.259335315274999978e+00
-2.275005248700999960e+00
-2.279337884404000203e+00
-2.279916969184999864e+00
-2.282321859126999808e+00
-2.284172232302999817e+00
-2.284008752329000025e+00
-2.280667924660999990e+00
-2.282036272176999780e+00
-2.282465883228999903e+00
-2.281762771518999866e+00
-2.280112520085999961e+00
-2.292682569619000077e+00
-2.304807463123999867e+00
-2.316615280670999866e+00
-2.328109931038000013e+00
-2.340057698767000094e+00
-2.364120161486999994e+00
-2.370444299108999786e+00
-2.375798587508000104e+00
-2.377286268994999840e+00
-2.384932222719999828e+00
-2.392518362485000161e+00
-2.399675697373000016e+00
-2.406266710070999792e+00
-2.412405744124999973e+00
-2.580987618530000027e+00
-2.421615020598999912e+00
-2.432426256889999916e+00
-2.445976663589000122e+00
-2.453574940729000176e+00
-2.462237326852999786e+00
-2.468005883711000159e+00
-2.472047530909999846e+00
-2.473237422093999882e+00
-2.473822599994000004e+00
-2.473654093197000137e+00
-2.466755583008000130e+00
-2.464333441312000161e+00
-2.461355887497000072e+00
-2.454806703171000137e+00
-2.435533907937000198e+00
-2.425780214885000063e+00
-2.377886902846999995e+00
-2.385136078539999982e+00
-2.370743212234999842e+00
-2.378838651531999915e+00
-2.390096395760000103e+00
-2.389990426386999989e+00
-2.399430218625000055e+00
-2.407921840779999823e+00
-2.420295839526999782e+00
-2.433988146176000011e+00
-2.448928037663999913e+00
-2.465681146794000078e+00
-2.488408088983999900e+00
-2.500628607058999808e+00
-2.520894655668000084e+00
-3.096433765041000097e+00
-2.732059874727000182e+00
-2.828377544942000110e+00
-2.917316630501999963e+00
-3.100821801714999992e+00
2.898375015400000088e+00
1.643390644806000112e-01
6.009660192269000202e-03
9.922433706847000323e-02
1.350486189809000093e-01
1.444839727107999905e-01
1.309308607974999927e-01
9.889281258795000473e-02
